Resultados
N(h/2) 0.916667  0.000000  0.000000  0.000000  0.000000  0.000000  0.000000  0.000000  0.000000  0.000000 
N(h/4) 0.858333  0.838889  0.000000  0.000000  0.000000  0.000000  0.000000  0.000000  0.000000  0.000000 
N(h/8) 0.843308  0.838300  0.838260  0.000000  0.000000  0.000000  0.000000  0.000000  0.000000  0.000000 
N(h/16) 0.839521  0.838259  0.838256  0.838256  0.000000  0.000000  0.000000  0.000000  0.000000  0.000000 
N(h/32) 0.838572  0.838256  0.838256  0.838256  0.838256  0.000000  0.000000  0.000000  0.000000  0.000000 
N(h/64) 0.838335  0.838256  0.838256  0.838256  0.838256  0.838256  0.000000  0.000000  0.000000  0.000000 
N(h/128) 0.838276  0.838256  0.838256  0.838256  0.838256  0.838256  0.838256  0.000000  0.000000  0.000000 
N(h/256) 0.838261  0.838256  0.838256  0.838256  0.838256  0.838256  0.838256  0.838256  0.000000  0.000000 
N(h/512) 0.838257  0.838256  0.838256  0.838256  0.838256  0.838256  0.838256  0.838256  0.838256  0.000000 
N(h/1024) 0.838256  0.838256  0.838256  0.838256  0.838256  0.838256  0.838256  0.838256  0.838256  0.838256 
